Date,Last Price,Opening Price,High Price,Low Price,Volume,Change (%)
2020-01-03,15.55,15.55,15.55,15.55,10000.0,-2.2
2020-01-07,15.55,15.55,15.55,15.55,100000.0,0.0
2020-01-08,15.55,15.55,15.55,15.55,20000.0,0.0
2020-01-09,15.55,15.55,15.55,15.55,10000.0,0.0
2020-01-10,15.75,15.55,15.75,15.55,120000.0,1.29
2020-01-13,15.4,15.75,15.75,15.4,120000.0,-2.22
2020-01-14,15.4,15.4,15.4,15.4,20000.0,0.0
2020-01-15,15.4,15.4,15.4,15.4,20000.0,0.0
2020-01-16,15.4,15.4,15.4,15.4,10000.0,0.0
2020-01-17,15.2,15.2,15.2,15.2,200000.0,-1.3
2020-01-21,15.2,15.2,15.2,15.2,10000.0,0.0
2020-01-22,15.2,15.15,15.2,15.15,30000.0,0.0
2020-01-24,15.2,15.175,15.2,15.175,1050000.0,0.0
2020-01-29,15.2,15.0,15.2,15.0,220000.0,0.0
2020-02-05,15.2,15.2,15.2,15.2,20000.0,0.0
2020-02-07,15.2,15.2,15.2,15.2,10000.0,0.0
2020-02-12,15.2,15.2,15.2,15.2,60000.0,0.0
2020-02-28,15.2,15.2,15.2,15.2,10000.0,0.0
2020-03-05,15.2,15.2,15.2,15.2,10000.0,0.0
2020-03-31,14.5,14.5,14.5,14.5,20000.0,-4.61
2020-04-03,14.5,14.5,14.5,14.5,10000.0,0.0
2020-04-15,14.5,14.5,14.5,14.5,30000.0,0.0
2020-05-19,14.5,14.5,14.5,14.5,10000.0,0.0
2020-05-29,14.45,14.45,14.45,14.45,10000.0,-0.34
2020-06-04,13.45,13.45,13.45,13.45,20000.0,-6.92
2020-06-05,13.45,13.45,13.45,13.45,40000.0,0.0
2020-06-08,13.45,13.45,13.45,13.45,10000.0,0.0
2020-06-10,13.45,13.45,13.45,13.45,10000.0,0.0
2020-06-12,13.45,13.45,13.45,13.45,10000.0,0.0
2020-06-15,13.45,13.45,13.45,13.45,10000.0,0.0
2020-06-16,13.45,13.45,13.45,13.45,30000.0,0.0
2020-06-18,13.45,13.45,13.45,13.45,20000.0,0.0
2020-06-19,13.45,13.45,13.45,13.45,20000.0,0.0
2020-06-22,12.525,13.45,13.45,12.525,250000.0,-6.88
2020-06-23,12.6,14.425,14.45,12.6,330000.0,0.6
2020-06-24,12.6,12.6,14.1,12.6,350000.0,0.0
2020-06-25,12.55,12.55,12.55,12.55,10000.0,-0.4
2020-06-26,12.55,12.55,14.1,12.0,660000.0,0.0
2020-06-29,12.525,12.55,12.55,12.525,220000.0,-0.2
2020-06-30,12.525,12.525,12.525,12.525,10000.0,0.0
2020-07-01,12.475,12.525,12.525,12.475,20000.0,-0.4
2020-07-02,12.475,12.475,12.475,12.475,120000.0,0.0
2020-07-03,14.0,14.0,14.0,14.0,20000.0,12.22
2020-07-06,13.9,14.0,14.0,13.5,250000.0,-0.71
2020-07-07,13.9,13.0,13.9,12.95,340000.0,0.0
2020-07-08,12.95,13.9,13.9,12.95,940000.0,-6.83
2020-07-09,12.4,12.95,12.95,12.275,210000.0,-4.25
2020-07-10,12.875,13.0,13.0,12.4,420000.0,3.83
2020-07-13,12.8,12.8,12.875,12.8,80000.0,-0.58
2020-07-14,12.7,12.5,12.75,11.925,860000.0,-0.78
2020-07-15,11.825,12.0,12.0,11.825,1180000.0,-6.89
2020-07-16,11.8,11.825,12.3,11.775,870000.0,-0.21
2020-07-17,12.6,11.8,12.65,11.8,730000.0,6.78
2020-07-20,12.6,12.6,12.6,12.575,400000.0,0.0
2020-07-21,13.5,12.5,13.5,12.5,400000.0,7.14
2020-07-22,13.5,13.3,13.5,13.25,200000.0,0.0
2020-07-23,13.475,13.3,13.475,12.6,690000.0,-0.19
2020-07-24,13.6,13.45,13.6,13.45,260000.0,0.93
2020-07-27,12.775,13.6,13.6,12.65,880000.0,-6.07
2020-07-28,12.8,12.8,13.6,12.8,170000.0,0.2
2020-07-29,13.075,13.6,13.7,13.075,80000.0,2.15
2020-07-30,13.225,13.075,13.55,13.075,200000.0,1.15
2020-08-03,13.2,13.2,13.2,13.2,1130000.0,-0.19
2020-08-04,13.5,13.35,13.5,13.35,280000.0,2.27
2020-08-05,14.0,13.5,14.0,13.5,750000.0,3.7
2020-08-07,13.2,13.75,13.75,13.2,1320000.0,-5.71
2020-08-10,13.15,13.2,13.2,13.15,500000.0,-0.38
2020-08-11,13.275,13.3,13.3,13.275,380000.0,0.95
2020-08-13,13.5,13.275,13.5,13.275,220000.0,1.69
2020-08-14,13.475,13.5,13.5,13.475,340000.0,-0.19
2020-08-18,13.4,13.6,13.6,13.4,520000.0,-0.56
2020-08-19,13.6,13.6,13.6,13.6,40000.0,1.49
2020-08-24,13.6,13.7,13.7,13.6,350000.0,0.0
2020-08-25,13.1,13.75,13.75,13.1,750000.0,-3.68
2020-08-26,13.5,13.4,13.5,13.4,50000.0,3.05
2020-08-27,13.0,13.2,13.45,13.0,1290000.0,-3.7
2020-08-28,12.5,12.8,12.9,12.5,1860000.0,-3.85
2020-08-31,12.85,12.9,12.9,12.85,150000.0,2.8
2020-09-01,12.95,12.95,12.95,12.95,230000.0,0.78
2020-09-02,12.6,12.9,12.9,12.6,1360000.0,-2.7
2020-09-03,12.65,12.65,12.65,12.65,30000.0,0.4
2020-09-04,12.6,12.6,12.6,12.6,10000.0,-0.4
2020-09-07,12.0,12.6,12.6,12.0,170000.0,-4.76
2020-09-08,12.0,12.0,12.0,12.0,130000.0,0.0
2020-09-09,12.0,12.0,12.0,12.0,1270000.0,0.0
2020-09-10,11.175,12.0,12.8,11.175,580000.0,-6.88
2020-09-11,12.3,12.0,12.3,12.0,210000.0,10.07
2020-09-14,12.5,12.6,12.6,12.5,550000.0,1.63
2020-09-15,12.5,12.5,12.5,12.5,40000.0,0.0
2020-09-18,12.45,12.45,12.45,12.45,10000.0,-0.4
2020-09-21,12.65,12.65,12.65,12.5,380000.0,1.61
2020-09-22,12.65,12.65,12.65,12.65,10000.0,0.0
2020-10-02,12.625,12.625,12.625,12.625,10000.0,-0.2
2020-10-15,12.625,12.375,12.625,12.375,150000.0,0.0
2020-10-20,12.5,12.55,12.55,12.5,130000.0,-0.99
2020-10-21,12.5,12.5,12.5,12.5,10000.0,0.0
2020-10-27,12.45,12.45,12.45,12.45,310000.0,-0.4
2020-11-02,12.2,12.2,12.2,12.2,100000.0,-2.01
2020-11-04,12.95,12.8,13.0,12.8,150000.0,6.15
2020-11-05,13.5,12.95,13.5,12.95,850000.0,4.25
2020-11-06,13.5,13.6,13.6,13.5,100000.0,0.0
2020-11-09,13.6,13.7,13.7,13.6,350000.0,0.74
2020-11-10,13.75,13.8,13.8,13.75,150000.0,1.1
2020-11-11,13.8,13.85,13.85,13.75,320000.0,0.36
2020-11-12,13.75,13.8,13.8,13.75,160000.0,-0.36
2020-11-13,14.5,13.8,14.5,13.7,520000.0,5.45
2020-11-17,14.3,14.35,14.35,14.3,210000.0,-1.38
2020-11-18,14.7,14.3,14.7,14.3,650000.0,2.8
2020-11-24,14.5,14.675,14.675,14.5,550000.0,-1.36
2020-11-26,14.4,14.4,14.4,14.4,20000.0,-0.69
2020-11-27,15.5,15.35,15.5,15.35,420000.0,7.64
2020-11-30,15.5,15.5,15.5,15.5,280000.0,0.0
2020-12-01,15.5,15.5,15.5,15.5,100000.0,0.0
2020-12-03,15.85,15.85,15.85,15.75,310000.0,2.26
2020-12-04,15.75,16.0,16.0,15.75,50000.0,-0.63
2020-12-08,15.8,15.85,15.85,15.8,100000.0,0.32
2020-12-11,15.85,15.85,15.85,15.85,20000.0,0.32
2020-12-14,15.85,16.0,16.0,15.8,900000.0,0.0
2020-12-15,14.8,15.85,15.85,14.8,1390000.0,-6.62
2020-12-16,14.7,15.1,15.2,14.7,5070000.0,-0.68
2020-12-17,14.9,14.725,15.0,14.0,1430000.0,1.36
2020-12-18,14.525,14.9,14.9,14.5,110000.0,-2.52
2020-12-22,15.5,14.525,15.5,14.525,200000.0,6.71
2020-12-28,14.45,15.2,15.4,14.425,8070000.0,-6.77
2020-12-29,14.425,14.45,14.45,14.0,160000.0,-0.17
2020-12-30,15.475,14.425,15.475,14.175,1630000.0,7.28
2021-01-04,15.475,15.475,15.475,15.475,10000.0,0.0
2021-01-05,15.475,15.475,15.475,15.45,960000.0,0.0
2021-01-06,15.475,15.475,15.475,15.475,10000.0,0.0
2021-01-07,15.475,15.475,15.475,15.475,740000.0,0.0
2021-01-08,16.0,15.475,16.0,15.475,300000.0,3.39
2021-01-12,16.0,16.0,16.0,16.0,20000.0,0.0
2021-01-13,15.9,15.9,15.9,15.9,80000.0,-0.63
2021-01-14,15.875,15.9,15.9,15.875,20000.0,-0.16
2021-01-15,16.0,15.7,16.0,15.25,1600000.0,0.79
2021-01-18,15.8,15.975,15.975,15.8,50000.0,-1.25
2021-01-19,15.5,15.6,15.6,15.5,190000.0,-1.9
2021-01-20,15.6,15.525,15.8,15.525,100000.0,0.65
2021-01-21,15.6,15.6,15.6,15.6,700000.0,0.0
2021-01-26,15.2,15.55,15.6,15.2,40000.0,-2.56
2021-01-27,15.6,15.2,15.7,15.2,260000.0,2.63
2021-01-28,14.7,15.6,15.6,14.7,500000.0,-5.77
2021-01-29,14.5,14.7,15.9,14.5,1200000.0,-1.36
2021-02-02,14.5,14.5,14.5,14.5,20000.0,0.0
2021-02-03,14.5,14.5,14.5,14.5,50000.0,0.0
2021-02-04,14.5,14.5,14.5,14.5,10000.0,0.0
2021-02-05,14.7,14.7,14.7,14.7,20000.0,1.38
2021-02-08,14.15,14.675,14.675,14.15,200000.0,-3.74
2021-02-09,13.975,13.975,14.15,13.975,950000.0,-1.24
2021-02-10,14.0,14.0,14.0,14.0,100000.0,0.18
2021-02-15,13.9,13.75,13.9,13.75,30000.0,-0.71
2021-02-17,14.0,13.5,14.0,13.325,330000.0,0.72
2021-02-22,14.0,14.0,14.0,14.0,20000.0,0.0
2021-02-23,13.025,14.0,14.0,13.025,5860000.0,-6.96
2021-02-24,13.275,13.25,13.425,13.25,250000.0,1.92
2021-02-25,13.25,13.25,13.25,13.25,30000.0,-0.19
2021-02-26,13.5,13.225,13.75,13.225,940000.0,1.89
2021-03-03,13.975,13.975,13.975,13.975,30000.0,3.52
2021-03-04,13.975,13.975,13.975,13.975,40000.0,0.0
2021-03-05,13.0,13.0,13.0,13.0,540000.0,-6.98
2021-03-08,12.25,12.75,12.75,12.2,1590000.0,-5.77
2021-03-09,13.0,12.25,13.0,12.25,940000.0,6.12
2021-03-10,13.0,13.0,13.0,13.0,50000.0,0.0
2021-03-12,13.6,13.25,13.6,13.0,1050000.0,4.62
2021-03-15,13.0,13.6,13.6,13.0,170000.0,-4.41
2021-03-16,13.0,13.0,13.0,13.0,10000.0,0.0
2021-03-17,12.975,12.975,12.975,12.975,50000.0,-0.19
2021-03-18,12.8,12.975,13.0,12.8,50000.0,-1.35
2021-03-19,12.5,12.6,12.65,12.5,440000.0,-2.34
2021-03-22,12.5,12.5,12.5,12.5,10000.0,0.0
2021-03-23,12.5,12.5,12.5,12.5,60000.0,0.0
2021-03-24,12.475,12.475,12.475,12.475,300000.0,-0.2
2021-03-29,12.475,12.475,12.475,12.475,20000.0,0.0
2021-03-31,12.475,12.475,12.475,12.475,130000.0,0.0
2021-04-01,12.5,12.5,12.5,12.5,60000.0,0.2
2021-04-05,12.475,12.5,12.5,12.45,170000.0,-0.2
2021-04-07,1.25,1.25,1.25,1.25,100000.0,-89.98
2021-04-08,1.25,1.25,1.25,1.25,800000.0,0.0
2021-04-09,1.24,1.25,1.25,1.24,1200000.0,-0.8
2021-04-12,1.228,1.24,1.24,1.228,900000.0,-1.01
2021-04-13,1.228,1.228,1.228,1.228,200000.0,0.0
2021-04-14,1.203,1.25,1.25,1.2,1900000.0,-2.04
2021-04-15,1.25,1.203,1.25,1.2,14700000.0,3.95
2021-04-16,1.23,1.25,1.25,1.23,2200000.0,-1.6
2021-04-19,1.23,1.23,1.23,1.23,1500000.0,0.0
2021-04-20,1.215,1.23,1.23,1.215,300000.0,-1.22
2021-04-21,1.255,1.208,1.255,1.2,14800000.0,3.29
2021-04-22,1.26,1.25,1.26,1.25,10400000.0,0.4
2021-04-23,1.27,1.25,1.27,1.243,19000000.0,0.79
2021-04-26,1.34,1.26,1.355,1.248,46900000.0,5.51
2021-04-27,1.5,1.315,1.6,1.315,54100000.0,11.94
2021-04-28,1.45,1.5,1.518,1.43,47700000.0,-3.33
2021-04-29,1.41,1.45,1.458,1.41,36600000.0,-2.76
2021-04-30,1.455,1.41,1.455,1.393,38600000.0,3.19
2021-05-03,1.47,1.455,1.48,1.41,33000000.0,1.03
2021-05-04,1.43,1.47,1.47,1.405,85900000.0,-2.72
2021-05-05,1.43,1.438,1.44,1.408,24000000.0,0.0
2021-05-06,1.415,1.473,1.475,1.41,25200000.0,-1.05
2021-05-07,1.43,1.415,1.43,1.415,46200000.0,1.06
2021-05-10,1.433,1.428,1.433,1.41,21000000.0,0.17
2021-05-11,1.42,1.42,1.43,1.415,56100000.0,-0.87
2021-05-17,1.423,1.423,1.448,1.42,49500000.0,0.18
2021-05-18,1.42,1.435,1.435,1.415,56200000.0,-0.18
2021-05-19,1.42,1.42,1.48,1.42,50100000.0,0.0
2021-05-20,1.405,1.423,1.425,1.405,17000000.0,-1.06
2021-05-21,1.44,1.405,1.455,1.405,89200000.0,2.49
2021-05-24,1.54,1.45,1.56,1.45,,6.94
2021-05-25,1.515,1.55,1.595,1.503,,-1.62
2021-05-27,1.518,1.518,1.573,1.515,,0.17
2021-05-28,1.52,1.53,1.543,1.508,,0.16
2021-05-31,1.415,1.5,1.5,1.415,27500000.0,-6.91
2021-06-02,1.415,1.413,1.45,1.345,,0.0
2021-06-03,1.383,1.415,1.42,1.38,,-2.3
2021-06-04,1.385,1.385,1.388,1.37,34900000.0,0.18
2021-06-07,1.368,1.385,1.388,1.363,54700000.0,-1.26
2021-06-08,1.36,1.368,1.378,1.358,16600000.0,-0.55
2021-06-09,1.36,1.363,1.385,1.36,36800000.0,0.0
2021-06-10,1.363,1.385,1.385,1.363,3100000.0,0.18
2021-06-11,1.385,1.385,1.445,1.38,,1.65
2021-06-14,1.418,1.385,1.435,1.38,65100000.0,2.35
2021-06-15,1.393,1.41,1.425,1.38,40300000.0,-1.76
2021-06-16,1.4,1.393,1.405,1.363,,0.54
2021-06-17,1.41,1.38,1.415,1.38,87300000.0,0.71
2021-06-18,1.4,1.403,1.423,1.38,,-0.71
2021-06-21,1.375,1.383,1.39,1.335,,-1.79
2021-06-22,1.38,1.408,1.41,1.373,,0.36
2021-06-23,1.41,1.398,1.413,1.38,87400000.0,2.17
2021-06-24,1.38,1.415,1.415,1.37,,-2.13
2021-06-25,1.383,1.408,1.41,1.38,,0.18
2021-06-28,1.38,1.383,1.41,1.375,32300000.0,-0.18
2021-06-29,1.365,1.38,1.398,1.363,48300000.0,-1.09
2021-06-30,1.36,1.385,1.385,1.358,11800000.0,-0.37
2021-07-01,1.36,1.38,1.38,1.355,9700000.0,0.0
2021-07-02,1.353,1.36,1.38,1.35,65200000.0,-0.55
2021-07-05,1.36,1.36,1.373,1.358,69300000.0,0.55
2021-07-06,1.395,1.37,1.41,1.358,,2.57
2021-07-07,1.38,1.395,1.395,1.353,,-1.08
2021-07-08,1.378,1.365,1.378,1.355,,-0.18
2021-07-09,1.378,1.378,1.378,1.353,78300000.0,0.0
2021-07-12,1.368,1.378,1.39,1.365,,-0.73
2021-07-13,1.358,1.375,1.375,1.358,84800000.0,-0.73
2021-07-14,1.35,1.383,1.383,1.35,79100000.0,-0.55
2021-07-15,1.353,1.365,1.365,1.345,78000000.0,0.19
2021-07-16,1.363,1.35,1.373,1.35,79500000.0,0.74
2021-07-19,1.375,1.37,1.393,1.363,84200000.0,0.92
2021-07-21,1.375,1.375,1.408,1.368,,0.0
2021-07-22,1.38,1.37,1.398,1.37,,0.36
2021-07-23,1.385,1.393,1.4,1.373,,0.36
2021-07-26,1.388,1.398,1.403,1.385,,0.18
2021-07-27,1.403,1.4,1.41,1.39,,1.08
2021-07-28,1.41,1.408,1.41,1.398,,0.53
2021-07-29,1.45,1.415,1.45,1.408,,2.84
2021-07-30,1.44,1.47,1.48,1.425,,-0.69
2021-08-02,1.44,1.478,1.478,1.43,,0.0
2021-08-03,1.465,1.44,1.493,1.435,,1.74
2021-08-04,1.48,1.48,1.483,1.463,,1.02
2021-08-05,1.49,1.495,1.51,1.478,,0.68
2021-08-06,1.495,1.49,1.5,1.475,,0.34
2021-08-09,1.498,1.495,1.51,1.48,,0.17
2021-08-10,1.5,1.5,1.505,1.475,72800000.0,0.17
2021-08-12,1.508,1.5,1.508,1.483,,0.5
2021-08-13,1.5,1.508,1.525,1.495,,-0.5
2021-08-16,1.51,1.5,1.515,1.493,,0.67
2021-08-18,1.498,1.51,1.513,1.495,96900000.0,-0.83
2021-08-19,1.495,1.498,1.503,1.493,,-0.17
2021-08-20,1.493,1.49,1.5,1.45,43900000.0,-0.17
2021-08-23,1.5,1.493,1.508,1.48,,0.5
2021-08-24,1.483,1.5,1.5,1.483,,-1.17
2021-08-25,1.5,1.485,1.503,1.48,85500000.0,1.18
2021-08-26,1.5,1.5,1.5,1.48,,0.0
2021-08-27,1.483,1.493,1.493,1.48,30100000.0,-1.17
2021-08-30,1.47,1.48,1.495,1.47,46000000.0,-0.84
2021-08-31,1.483,1.47,1.49,1.468,15300000.0,0.85
2021-09-01,1.48,1.483,1.488,1.473,29800000.0,-0.17
2021-09-02,1.478,1.483,1.5,1.478,87200000.0,-0.17
2021-09-03,1.48,1.48,1.52,1.478,,0.17
2021-09-06,1.478,1.5,1.5,1.478,57200000.0,-0.17
2021-09-07,1.475,1.48,1.483,1.47,29300000.0,-0.17
2021-09-08,1.475,1.478,1.483,1.47,22800000.0,0.0
2021-09-09,1.41,1.475,1.488,1.398,,-4.41
2021-09-10,1.45,1.41,1.45,1.41,10600000.0,2.84
2021-09-13,1.46,1.455,1.475,1.455,25300000.0,0.69
2021-09-14,1.478,1.465,1.49,1.465,15900000.0,1.2
2021-09-15,1.498,1.485,1.5,1.478,22300000.0,1.35
2021-09-16,1.508,1.52,1.52,1.495,21000000.0,0.67
2021-09-17,1.513,1.505,1.513,1.48,22200000.0,0.33
2021-09-20,1.51,1.513,1.513,1.485,22200000.0,-0.17
2021-09-21,1.518,1.485,1.518,1.48,44500000.0,0.5
2021-09-22,1.52,1.515,1.52,1.495,83500000.0,0.16
2021-09-23,1.59,1.53,1.65,1.53,54100000.0,4.61
2021-09-24,1.743,1.59,1.798,1.59,,9.59
2021-09-27,1.83,1.75,1.838,1.75,,5.02
2021-09-28,2.135,1.85,2.18,1.85,,16.67
2021-09-29,2.54,2.145,2.555,2.135,,18.97
2021-09-30,2.945,2.55,3.025,2.548,,15.94
2021-10-01,2.74,2.97,3.0,2.74,,-6.96
2021-10-04,2.733,2.74,3.0,2.698,,-0.27
2021-10-05,2.795,2.75,2.97,2.75,,2.29
2021-10-06,2.885,2.815,2.923,2.8,,3.22
2021-10-07,2.9,2.875,2.905,2.758,,0.52
2021-10-08,2.87,2.9,2.905,2.84,,-1.03
2021-10-11,2.86,2.88,2.895,2.85,76700000.0,-0.35
2021-10-12,2.9,2.863,2.91,2.863,,1.4
2021-10-13,2.83,2.9,2.9,2.8,54600000.0,-2.41
2021-10-14,2.84,2.828,2.878,2.828,,0.35
2021-10-15,2.835,2.843,2.858,2.835,,-0.18
2021-10-18,2.805,2.835,2.84,2.74,97000000.0,-1.06
2021-10-19,2.77,2.805,2.805,2.76,48500000.0,-1.25
2021-10-21,2.628,2.77,2.77,2.625,67700000.0,-5.14
2021-10-22,2.55,2.628,2.628,2.46,59400000.0,-2.95
2021-10-25,2.64,2.56,2.65,2.56,27800000.0,3.53
2021-10-26,2.66,2.65,2.755,2.65,83200000.0,0.76
2021-10-27,2.65,2.66,2.663,2.645,35700000.0,-0.38
2021-10-28,2.65,2.65,2.663,2.6,73300000.0,0.0
2021-10-29,2.6,2.65,2.653,2.59,70800000.0,-1.89
2021-11-01,2.565,2.6,2.6,2.565,26600000.0,-1.35
2021-11-02,2.415,2.563,2.563,2.415,30000000.0,-5.85
2021-11-03,2.458,2.405,2.48,2.35,68500000.0,1.76
2021-11-04,2.598,2.505,2.65,2.503,37300000.0,5.7
2021-11-05,2.6,2.598,2.62,2.595,25500000.0,0.1
2021-11-08,2.583,2.605,2.605,2.58,51400000.0,-0.67
2021-11-09,2.6,2.585,2.6,2.58,69200000.0,0.68
2021-11-10,2.583,2.6,2.698,2.58,66700000.0,-0.67
2021-11-11,2.598,2.583,2.6,2.58,90100000.0,0.58
2021-11-12,2.6,2.598,2.603,2.543,68800000.0,0.1
2021-11-15,2.593,2.648,2.648,2.55,56000000.0,-0.29
2021-11-16,2.598,2.58,2.6,2.58,79100000.0,0.19
2021-11-17,2.6,2.6,2.625,2.595,79800000.0,0.1
2021-11-18,2.59,2.6,2.6,2.58,64100000.0,-0.38
2021-11-19,2.6,2.59,2.6,2.58,30600000.0,0.39
2021-11-22,2.6,2.59,2.603,2.58,84100000.0,0.0
2021-11-23,2.6,2.6,2.603,2.59,71700000.0,0.0
2021-11-24,2.62,2.6,2.695,2.59,53700000.0,0.77
2021-11-25,2.635,2.64,2.64,2.615,23800000.0,0.57
2021-11-26,2.625,2.635,2.64,2.578,97300000.0,-0.38
2021-11-29,2.635,2.625,2.7,2.58,86200000.0,0.38
2021-11-30,2.765,2.635,2.89,2.618,78100000.0,4.93
2021-12-01,2.765,2.765,2.768,2.578,92700000.0,0.0
2021-12-02,2.768,2.75,2.8,2.66,81100000.0,0.09
2021-12-03,2.72,2.748,2.75,2.683,,-1.72
2021-12-06,2.655,2.72,2.825,2.65,71900000.0,-2.39
2021-12-07,2.598,2.68,2.723,2.598,86400000.0,-2.17
2021-12-08,2.62,2.598,2.65,2.588,,0.87
2021-12-09,2.59,2.62,2.65,2.588,44100000.0,-1.15
2021-12-10,2.65,2.59,2.65,2.585,60400000.0,2.32
2021-12-13,2.653,2.65,2.663,2.64,60700000.0,0.09
2021-12-14,2.655,2.653,2.67,2.62,62200000.0,0.09
2021-12-15,2.64,2.658,2.658,2.638,52000000.0,-0.56
2021-12-16,2.6,2.64,2.643,2.6,26000000.0,-1.52
2021-12-17,2.7,2.603,2.7,2.603,83900000.0,3.85
2021-12-20,2.7,2.703,2.74,2.665,79400000.0,0.0
2021-12-21,2.67,2.7,2.7,2.638,31300000.0,-1.11
2021-12-22,2.7,2.67,2.7,2.65,32200000.0,1.12
2021-12-23,2.658,2.66,2.7,2.595,13300000.0,-1.57
2021-12-24,2.69,2.658,2.69,2.648,49400000.0,1.22
2021-12-27,2.69,2.69,2.7,2.69,18000000.0,0.0
2021-12-28,2.65,2.69,2.69,2.6,29400000.0,-1.49
2021-12-29,2.65,2.66,2.675,2.635,33700000.0,0.0
2021-12-30,2.7,2.65,2.7,2.63,82900000.0,1.89
2022-01-03,2.62,2.675,2.675,2.62,94400000.0,-2.96
2022-01-04,2.65,2.62,2.65,2.58,,1.15
2022-01-05,2.643,2.65,2.653,2.625,63200000.0,-0.28
2022-01-06,2.63,2.64,2.698,2.623,78200000.0,-0.47
2022-01-07,2.625,2.65,2.66,2.62,,-0.19
2022-01-10,2.625,2.605,2.67,2.605,93000000.0,0.0
2022-01-11,2.735,2.628,2.735,2.615,49700000.0,4.19
2022-01-12,2.865,2.735,3.038,2.708,,4.75
2022-01-13,2.95,2.865,2.95,2.71,60400000.0,2.97
2022-01-14,3.048,2.95,3.05,2.89,,3.31
2022-01-17,3.2,3.048,3.375,3.045,,5.0
2022-01-18,3.215,3.193,3.35,3.175,51900000.0,0.47
2022-01-19,3.288,3.215,3.3,3.2,99100000.0,2.26
2022-01-20,3.473,3.288,3.5,3.25,,5.63
2022-01-21,3.543,3.45,3.55,3.325,98100000.0,2.02
2022-01-24,3.675,3.543,3.68,3.5,,3.74
2022-01-25,3.693,3.675,3.72,3.6,91400000.0,0.48
2022-01-26,3.675,3.693,3.718,3.65,,-0.47
2022-01-27,3.79,3.675,3.9,3.675,56900000.0,3.13
2022-01-28,3.668,3.79,3.9,3.605,,-3.23
2022-01-31,3.68,3.545,3.7,3.533,49700000.0,0.34
2022-02-02,3.63,3.68,3.68,3.523,24600000.0,-1.36
2022-02-03,3.55,3.63,3.63,3.535,18500000.0,-2.2
2022-02-04,3.733,3.55,3.75,3.55,51600000.0,5.14
2022-02-07,3.81,3.75,3.97,3.7,43900000.0,2.08
2022-02-08,3.698,3.813,3.813,3.65,35200000.0,-2.95
2022-02-09,3.75,3.698,3.785,3.678,47300000.0,1.42
2022-02-10,3.69,3.75,3.75,3.675,21000000.0,-1.6
2022-02-11,3.6,3.65,3.673,3.6,30700000.0,-2.44
2022-02-14,3.645,3.6,3.748,3.575,30100000.0,1.25
2022-02-15,3.59,3.645,3.648,3.565,15100000.0,-1.51
2022-02-16,3.588,3.588,3.6,3.585,6800000.0,-0.07
2022-02-17,3.56,3.6,3.6,3.56,23000000.0,-0.77
2022-02-18,3.538,3.56,3.56,3.533,29700000.0,-0.63
2022-02-21,3.538,3.55,3.575,3.538,49200000.0,0.0
2022-02-22,3.6,3.538,3.67,3.533,48400000.0,1.77
2022-02-23,3.7,3.6,3.925,3.6,83200000.0,2.78
2022-02-24,3.7,3.7,3.753,3.638,94700000.0,0.0
2022-02-25,3.755,3.71,3.778,3.705,45100000.0,1.49
2022-03-01,3.755,3.78,3.85,3.753,53900000.0,0.0
2022-03-02,3.895,3.793,3.9,3.793,56700000.0,3.73
2022-03-04,4.173,3.895,4.293,3.895,,7.12
2022-03-07,4.295,4.18,4.488,4.18,91200000.0,2.94
2022-03-08,4.35,4.295,4.4,4.265,85000000.0,1.28
2022-03-09,4.448,4.35,4.5,4.345,54900000.0,2.24
2022-03-10,4.248,4.44,4.493,4.23,86000000.0,-4.5
2022-03-11,4.01,4.223,4.39,4.01,61000000.0,-5.59
2022-03-14,4.018,4.05,4.085,3.933,33500000.0,0.19
2022-03-15,4.028,4.018,4.15,3.935,56600000.0,0.25
2022-03-16,4.0,4.035,4.198,3.993,45100000.0,-0.68
2022-03-17,4.09,3.998,4.1,3.89,40400000.0,2.25
2022-03-18,4.198,4.065,4.2,4.0,61400000.0,2.63
2022-03-21,4.14,4.198,4.2,4.115,13300000.0,-1.37
2022-03-22,4.2,4.14,4.2,4.105,39900000.0,1.45
2022-03-23,4.198,4.2,4.2,4.175,34600000.0,-0.06
2022-03-24,4.163,4.198,4.2,4.158,26100000.0,-0.83
2022-03-25,4.198,4.163,4.2,4.14,23800000.0,0.84
2022-03-28,4.198,4.198,4.2,4.193,20800000.0,0.0
2022-03-29,4.195,4.198,4.2,4.175,19500000.0,-0.06
2022-03-30,4.173,4.195,4.2,4.15,4100000.0,-0.54
2022-03-31,4.335,4.173,4.35,4.173,,3.89
2022-04-01,4.35,4.34,4.35,4.308,37200000.0,0.35
2022-04-04,4.38,4.35,4.39,4.3,33700000.0,0.69
2022-04-05,4.3,4.38,4.38,4.28,5400000.0,-1.83
2022-04-06,4.3,4.3,4.388,4.3,23100000.0,0.0
2022-04-07,4.308,4.308,4.388,4.295,20800000.0,0.17
2022-04-08,4.375,4.308,4.378,4.305,15900000.0,1.57
2022-04-11,4.398,4.385,4.44,4.38,28400000.0,0.51
2022-04-12,4.278,4.4,4.4,4.21,30100000.0,-2.73
2022-04-13,4.3,4.278,4.3,4.198,22200000.0,0.53
2022-04-14,4.32,4.3,4.35,4.21,29100000.0,0.47
2022-04-18,4.3,4.325,4.325,4.288,30800000.0,-0.46
2022-04-19,4.25,4.31,4.31,4.225,9700000.0,-1.16
2022-04-20,4.318,4.3,4.338,4.22,24700000.0,1.59
2022-04-21,4.22,4.318,4.335,4.2,15300000.0,-2.26
2022-04-22,4.23,4.223,4.243,4.2,13100000.0,0.24
2022-04-25,4.15,4.233,4.233,4.145,16300000.0,-1.89
2022-04-26,4.2,4.15,4.333,4.15,23500000.0,1.2
2022-04-27,4.2,4.2,4.298,4.195,22200000.0,0.0
2022-04-28,4.25,4.225,4.28,4.195,40100000.0,1.19
2022-05-09,4.738,4.26,4.775,4.25,71200000.0,11.47
2022-05-10,4.5,4.738,4.985,4.5,,-5.01
2022-05-11,4.64,4.5,4.7,4.5,48500000.0,3.11
2022-05-12,4.45,4.8,4.8,4.45,97600000.0,-4.09
2022-05-13,4.52,4.45,4.6,4.45,28800000.0,1.57
2022-05-17,4.6,4.53,4.6,4.52,43600000.0,1.77
2022-05-18,4.6,4.6,4.7,4.598,46700000.0,0.0
2022-05-19,4.545,4.6,4.67,4.543,32200000.0,-1.2
2022-05-20,4.645,4.548,4.7,4.54,56300000.0,2.2
2022-05-23,5.228,4.655,5.3,4.655,,12.54
2022-05-24,5.178,5.25,5.35,5.063,81800000.0,-0.96
2022-05-25,5.28,5.178,5.29,5.178,63200000.0,1.98
2022-05-27,5.44,5.3,6.0,5.225,,3.03
2022-05-30,5.29,5.44,5.5,5.18,70200000.0,-2.76
2022-05-31,5.378,5.288,5.68,5.285,24500000.0,1.65
2022-06-02,5.418,5.378,5.5,5.375,44700000.0,0.74
2022-06-03,5.45,5.44,5.455,5.393,,0.6
2022-06-06,5.438,5.45,5.45,5.433,20700000.0,-0.23
2022-06-07,5.438,5.43,5.45,5.42,40200000.0,0.0
2022-06-08,5.495,5.438,6.0,5.438,37000000.0,1.06
2022-06-09,5.89,5.495,6.2,5.49,85500000.0,7.19
2022-06-10,6.6,5.945,6.7,5.945,83200000.0,12.05
2022-06-13,6.678,6.6,6.9,6.56,,1.17
2022-06-14,6.678,6.678,6.695,6.498,53800000.0,0.0
2022-06-15,6.29,6.653,6.653,6.29,33600000.0,-5.8
2022-06-16,6.438,6.27,6.45,5.99,,2.34
2022-06-17,6.483,6.438,6.5,6.178,80800000.0,0.7
2022-06-20,6.34,6.483,6.483,6.338,28700000.0,-2.2
2022-06-21,6.423,6.34,6.5,6.34,55300000.0,1.3
2022-06-22,6.405,6.425,6.5,6.375,97900000.0,-0.27
2022-06-23,6.4,6.405,6.48,6.298,53400000.0,-0.08
2022-06-24,6.42,6.4,6.5,6.398,16800000.0,0.31
2022-06-27,6.49,6.425,6.5,6.38,28200000.0,1.09
2022-06-28,7.093,6.493,7.123,6.49,65600000.0,9.28
2022-06-29,7.5,7.093,7.6,7.08,45200000.0,5.75
2022-06-30,7.795,7.6,8.0,7.56,59800000.0,3.93
2022-07-01,7.88,7.798,8.17,7.795,52100000.0,1.09
2022-07-04,7.95,7.88,7.99,7.52,73000000.0,0.89
2022-07-05,8.0,8.0,8.5,7.95,55600000.0,0.63
2022-07-06,7.638,8.05,8.2,7.5,32700000.0,-4.53
2022-07-07,7.325,7.638,7.638,7.3,37800000.0,-4.09
2022-07-08,7.045,7.325,7.33,6.948,37600000.0,-3.82
2022-07-11,7.25,7.045,7.6,7.045,43300000.0,2.91
2022-07-12,7.2,7.35,7.5,6.983,45200000.0,-0.69
2022-07-13,7.1,7.2,7.398,7.05,51700000.0,-1.39
2022-07-14,7.235,7.1,7.24,7.088,12000000.0,1.9
2022-07-15,7.113,7.238,7.238,7.05,9800000.0,-1.69
2022-07-18,6.615,7.113,7.113,6.615,78200000.0,-6.99
2022-07-19,6.615,6.63,6.873,6.6,30200000.0,0.0
2022-07-20,6.623,6.643,6.75,6.615,19100000.0,0.11
2022-07-21,6.623,6.618,6.658,6.615,8400000.0,0.0
2022-07-22,6.61,6.623,6.645,6.6,18400000.0,-0.19
2022-07-25,6.618,6.61,6.65,6.6,17300000.0,0.11
2022-07-26,6.605,6.618,6.618,6.6,6200000.0,-0.19
2022-07-27,6.693,6.605,6.7,6.605,15700000.0,1.32
2022-07-28,6.8,6.698,6.85,6.67,13800000.0,1.61
2022-07-29,6.798,6.8,6.89,6.74,16100000.0,-0.04
2022-08-01,6.81,6.798,6.89,6.64,16500000.0,0.18
2022-08-02,6.71,6.81,6.81,6.7,9800000.0,-1.47
2022-08-03,6.7,6.71,6.71,6.643,26500000.0,-0.15
2022-08-04,6.6,6.7,6.72,6.6,35600000.0,-1.49
2022-08-05,6.61,6.598,6.623,6.598,18800000.0,0.15
2022-08-08,6.65,6.6,6.65,6.6,22200000.0,0.61
2022-08-09,6.65,6.65,6.653,6.608,19400000.0,0.0
2022-08-10,6.61,6.65,6.655,6.61,10600000.0,-0.6
2022-08-11,6.61,6.61,6.65,6.61,6900000.0,0.0
2022-08-12,6.61,6.65,6.75,6.605,10400000.0,0.0
2022-08-15,6.603,6.61,6.61,6.6,11300000.0,-0.11
2022-08-16,6.58,6.605,6.605,6.58,8800000.0,-0.34
2022-08-18,6.58,6.58,6.6,6.58,2500000.0,0.0
2022-08-19,6.58,6.585,6.585,6.558,9400000.0,0.0
2022-08-22,6.508,6.58,6.58,6.508,9000000.0,-1.1
2022-08-23,6.418,6.508,6.508,6.4,24500000.0,-1.38
2022-08-24,6.648,6.418,6.7,6.3,36100000.0,3.58
2022-08-25,6.548,6.648,6.648,6.548,3500000.0,-1.5
2022-08-26,6.5,6.54,6.54,6.5,3400000.0,-0.73
2022-08-29,6.415,6.5,6.5,6.415,1500000.0,-1.31
2022-08-30,6.355,6.415,6.415,6.35,13000000.0,-0.94
2022-08-31,6.363,6.355,6.395,6.355,2300000.0,0.12
2022-09-01,6.538,6.363,6.613,6.363,9600000.0,2.75
2022-09-02,6.645,6.538,6.645,6.5,15500000.0,1.64
2022-09-05,6.7,6.645,6.748,6.645,27800000.0,0.83
2022-09-06,6.8,6.778,6.82,6.608,11700000.0,1.49
2022-09-07,6.705,6.8,6.81,6.7,7000000.0,-1.4
2022-09-08,6.603,6.705,6.705,6.603,8900000.0,-1.53
2022-09-09,6.598,6.603,6.603,6.55,8300000.0,-0.08
2022-09-12,6.533,6.6,6.6,6.533,11300000.0,-0.99
2022-09-13,6.65,6.535,6.65,6.535,3900000.0,1.8
2022-09-14,6.54,6.65,6.66,6.538,8000000.0,-1.65
2022-09-15,6.625,6.538,6.648,6.538,16700000.0,1.3
2022-09-16,6.62,6.898,6.898,6.51,12200000.0,-0.08
2022-09-19,6.615,6.62,6.653,6.5,17800000.0,-0.08
2022-09-20,6.523,6.615,6.615,6.523,3000000.0,-1.4
2022-09-21,6.53,6.523,6.53,6.51,9600000.0,0.11
2022-09-22,6.57,6.525,6.765,6.5,18500000.0,0.61
2022-09-23,6.54,6.573,6.58,6.538,14400000.0,-0.46
2022-09-26,6.55,6.55,6.65,6.54,22500000.0,0.15
2022-09-27,6.55,6.65,6.69,6.55,48000000.0,0.0
2022-09-28,6.698,6.55,6.7,6.55,7100000.0,2.25
2022-09-29,6.6,6.698,6.7,6.6,22100000.0,-1.46
2022-09-30,6.7,6.6,6.7,6.553,19200000.0,1.52
2022-10-03,6.613,6.7,6.7,6.6,17300000.0,-1.31
2022-10-04,6.685,6.613,6.7,6.598,33200000.0,1.1
2022-10-05,6.72,6.685,6.81,6.683,30100000.0,0.52
2022-10-06,6.73,6.72,6.75,6.655,33800000.0,0.15
2022-10-07,6.77,6.73,6.788,6.688,29700000.0,0.59
2022-10-10,6.828,6.77,6.84,6.768,27300000.0,0.85
2022-10-11,6.878,6.82,6.88,6.793,38800000.0,0.73
2022-10-12,7.095,6.88,8.0,6.88,44800000.0,3.16
2022-10-13,7.293,7.095,7.35,7.075,30300000.0,2.78
2022-10-14,7.233,7.293,7.45,7.153,24400000.0,-0.82
2022-10-17,7.26,7.29,7.29,7.21,22300000.0,0.38
2022-10-18,7.258,7.263,7.27,7.25,33300000.0,-0.03
2022-10-19,7.188,7.258,7.258,7.1,19600000.0,-0.96
2022-10-20,7.12,7.18,7.185,7.12,7100000.0,-0.94
2022-10-21,7.1,7.12,7.12,7.1,16900000.0,-0.28
2022-10-24,7.018,7.1,7.1,7.015,5000000.0,-1.16
2022-10-25,7.05,7.018,7.25,7.018,14700000.0,0.46
2022-10-26,7.095,7.08,7.13,7.075,16500000.0,0.64
2022-10-27,7.078,7.1,7.21,7.078,42400000.0,-0.25
2022-10-28,7.21,7.078,7.255,7.078,28000000.0,1.87
2022-10-31,7.35,7.28,7.4,7.28,21300000.0,1.94
2022-11-01,7.3,7.35,7.363,7.28,19800000.0,-0.68
2022-11-02,7.263,7.3,7.303,7.263,7800000.0,-0.51
2022-11-03,7.29,7.263,7.298,7.188,17100000.0,0.38
2022-11-04,7.29,7.29,7.29,7.28,11000000.0,0.0
2022-11-07,7.33,7.315,7.33,7.21,15700000.0,0.55
2022-11-08,7.258,7.33,7.35,7.255,11600000.0,-0.99
2022-11-09,7.233,7.258,7.258,7.23,13200000.0,-0.34
2022-11-10,7.23,7.233,7.233,7.21,53800000.0,-0.03
2022-11-11,7.31,7.233,7.31,7.23,14500000.0,1.11
2022-11-14,7.305,7.31,7.32,7.305,35700000.0,-0.07
2022-11-15,7.35,7.305,7.398,7.305,9600000.0,0.62
2022-11-16,7.598,7.35,7.688,7.35,22400000.0,3.37
2022-11-17,8.398,7.598,8.47,7.595,28600000.0,10.53
2022-11-18,8.63,8.39,8.9,8.273,32900000.0,2.77
2022-11-21,9.2,8.655,9.45,8.655,51700000.0,6.6
2022-11-22,9.255,9.2,9.75,9.2,62400000.0,0.6
2022-11-23,9.45,9.255,9.7,9.255,48800000.0,2.11
2022-11-24,9.3,9.438,9.7,9.125,24700000.0,-1.59
2022-11-25,9.145,9.3,9.3,9.113,6700000.0,-1.67
2022-11-28,9.315,9.145,9.5,9.145,11300000.0,1.86
2022-11-29,9.235,9.315,9.5,9.235,10800000.0,-0.86
2022-11-30,9.31,9.24,9.313,9.24,3400000.0,0.81
2022-12-01,9.45,9.31,9.7,9.31,26200000.0,1.5
2022-12-02,11.325,9.675,11.325,9.425,,19.84
2022-12-05,13.575,11.7,13.575,11.55,,19.87
2022-12-06,14.625,13.6,16.275,13.575,,7.73
2022-12-07,15.225,14.9,15.8,14.6,,4.1
2022-12-08,14.55,15.3,15.55,14.175,,-4.43
2022-12-09,13.55,14.55,14.7,13.55,,-6.87
2022-12-12,13.0,13.45,13.6,12.625,,-4.06
2022-12-13,13.175,13.025,13.95,13.0,95610000.0,1.35
2022-12-14,13.3,13.25,13.625,13.175,94880000.0,0.95
2022-12-15,13.175,13.35,13.35,13.0,27510000.0,-0.94
2022-12-16,13.95,13.175,13.95,13.0,68050000.0,5.88
2022-12-19,14.15,14.0,14.35,13.6,,1.43
2022-12-20,16.3,14.0,16.95,13.75,,15.19
2022-12-21,18.45,16.325,18.5,16.3,,13.19
2022-12-22,18.05,18.5,18.65,17.45,,-2.17
2022-12-23,18.575,18.0,18.85,17.65,,2.91
2022-12-26,20.575,18.55,21.7,18.5,,10.77
2022-12-27,23.4,20.625,24.325,20.625,,13.73
2022-12-28,21.775,23.55,24.8,21.775,,-6.94
2022-12-29,20.725,21.775,22.775,20.275,,-4.82
2022-12-30,21.0,20.725,21.475,19.825,,1.33
2023-01-02,21.25,21.0,21.775,20.875,,1.19
2023-01-03,21.3,21.3,21.675,21.175,81440000.0,0.24
2023-01-04,21.125,21.45,21.45,21.1,62400000.0,-0.82
2023-01-05,19.975,21.125,21.25,19.8,,-5.44
2023-01-06,20.575,19.975,21.55,19.825,,3.0
2023-01-09,20.325,20.675,21.3,20.025,99770000.0,-1.22
2023-01-10,20.65,20.375,20.7,19.975,52180000.0,1.6
2023-01-11,20.65,20.675,21.05,20.5,57170000.0,0.0
2023-01-12,19.925,20.65,20.725,19.675,,-3.51
2023-01-13,20.15,20.0,20.7,20.0,68180000.0,1.13
2023-01-16,20.1,20.25,20.25,19.8,69110000.0,-0.25
2023-01-17,19.9,20.1,20.15,19.9,57480000.0,-1.0
2023-01-18,20.075,20.0,20.25,19.9,69080000.0,0.88
2023-01-19,20.075,20.075,20.15,19.9,49910000.0,0.0
2023-01-20,21.675,19.95,22.025,19.95,,7.97
2023-01-24,20.975,21.8,22.3,20.7,,-3.23
2023-01-25,20.9,20.975,21.05,20.5,56870000.0,-0.36
2023-01-26,19.975,20.85,20.85,19.8,,-4.43
2023-01-27,20.0,20.0,20.4,19.875,84430000.0,0.13
2023-01-30,20.025,20.025,20.475,20.0,30500000.0,0.13
2023-01-31,20.1,20.025,20.15,19.9,54780000.0,0.37
2023-02-01,19.875,20.1,20.1,19.85,39000000.0,-1.12
2023-02-02,19.9,19.85,20.0,19.5,62030000.0,0.13
2023-02-03,19.0,19.875,19.9,18.525,,-4.52
2023-02-06,18.75,18.8,19.0,18.025,59210000.0,-1.32
2023-02-07,19.4,18.9,19.575,18.75,58530000.0,3.47
2023-02-08,19.175,19.525,19.8,19.0,63390000.0,-1.16
2023-02-09,19.225,19.175,19.375,19.05,21740000.0,0.26
2023-02-10,18.85,19.1,19.225,18.85,31800000.0,-1.95
2023-02-13,18.9,18.85,19.25,18.775,44240000.0,0.27
2023-02-14,18.9,18.9,18.95,18.675,37590000.0,0.0
2023-02-15,18.75,18.9,19.025,18.675,33740000.0,-0.79
2023-02-16,18.775,18.75,18.8,18.325,44460000.0,0.13
2023-02-17,18.575,18.75,18.75,18.5,24590000.0,-1.07
2023-02-20,18.3,18.55,18.575,18.1,22840000.0,-1.48
2023-02-21,18.475,18.3,18.75,18.3,32140000.0,0.96
2023-02-22,18.575,18.525,18.675,18.25,36560000.0,0.54
2023-02-23,18.7,18.575,18.775,18.375,31220000.0,0.67
2023-02-24,18.8,18.725,18.85,18.5,17480000.0,0.53
2023-02-27,18.975,18.825,19.2,18.825,29060000.0,0.93
2023-02-28,19.2,19.0,19.2,19.0,42070000.0,1.19
2023-03-01,18.75,19.2,19.3,18.3,37770000.0,-2.34
2023-03-02,18.925,18.75,18.95,18.75,10260000.0,0.93
2023-03-03,18.95,19.05,19.05,18.825,16960000.0,0.13
2023-03-06,18.8,18.95,19.0,17.625,48990000.0,-0.79
2023-03-07,18.6,18.8,18.8,18.3,24920000.0,-1.06
2023-03-08,18.575,18.6,18.6,18.35,13150000.0,-0.13
2023-03-09,18.675,18.575,18.7,18.375,14710000.0,0.54
2023-03-10,18.65,18.675,18.7,18.45,13620000.0,-0.13
2023-03-13,19.55,18.6,20.25,18.4,65780000.0,4.83
2023-03-14,19.2,19.55,19.6,18.825,39770000.0,-1.79
2023-03-15,19.2,19.175,19.3,18.95,20340000.0,0.0
2023-03-16,19.1,19.2,19.2,18.6,22130000.0,-0.52
2023-03-17,19.725,19.0,19.775,18.9,68250000.0,3.27
2023-03-20,19.35,19.725,19.725,19.225,20320000.0,-1.9
2023-03-21,19.4,19.425,19.425,19.075,16150000.0,0.26
2023-03-24,19.45,19.4,19.5,19.325,25460000.0,0.26
2023-03-27,19.275,19.5,19.55,19.25,14270000.0,-0.9
2023-03-28,19.4,19.25,19.45,19.1,27450000.0,0.65
2023-03-29,19.9,19.4,20.0,19.4,56500000.0,2.58
2023-03-30,20.75,19.9,20.925,19.85,72730000.0,4.27
2023-03-31,20.775,20.75,20.9,20.1,44030000.0,0.12
2023-04-03,20.9,20.775,20.9,20.65,30740000.0,0.6
2023-04-04,21.5,21.0,21.725,20.825,61210000.0,2.87
2023-04-05,21.65,21.5,21.65,21.2,19630000.0,0.7
2023-04-06,21.5,21.65,21.75,21.3,24390000.0,-0.69
2023-04-10,21.5,21.5,21.725,21.3,16360000.0,0.0
2023-04-11,21.5,21.475,21.5,20.275,42820000.0,0.0
2023-04-12,20.8,21.5,21.5,20.675,28300000.0,-3.26
2023-04-13,20.1,20.75,20.8,19.6,45780000.0,-3.37
2023-04-14,20.15,20.1,20.3,19.5,16200000.0,0.25
2023-04-17,20.5,20.15,20.5,20.0,16090000.0,1.74
2023-04-18,20.8,20.5,20.9,20.3,27400000.0,1.46
2023-04-26,21.35,20.8,21.475,20.6,47010000.0,2.64
2023-04-27,22.95,21.425,23.8,21.35,,7.49
2023-04-28,21.5,22.95,23.0,21.35,82940000.0,-6.32
2023-05-02,21.225,21.625,21.825,20.825,33700000.0,-1.28
2023-05-03,20.8,21.225,21.4,20.8,32590000.0,-2.0
2023-05-04,21.2,20.75,21.25,20.15,27330000.0,1.92
2023-05-05,20.675,21.15,21.2,20.525,22430000.0,-2.48
2023-05-08,20.675,20.7,20.8,20.275,21520000.0,0.0
2023-05-09,20.35,20.675,20.675,20.35,14850000.0,-1.57
2023-05-10,20.4,20.5,20.65,20.2,21280000.0,0.25
2023-05-11,19.9,20.4,20.4,19.85,26650000.0,-2.45
2023-05-12,19.425,19.9,20.1,19.425,23150000.0,-2.39
2023-05-15,18.875,19.425,19.475,18.575,25430000.0,-2.83
2023-05-16,19.15,18.875,19.375,18.525,16550000.0,1.46
2023-05-17,18.9,19.15,19.325,18.75,17060000.0,-1.31
2023-05-19,18.9,18.9,19.05,18.65,15250000.0,0.0
2023-05-22,18.975,18.825,19.125,18.75,9720000.0,0.4
2023-05-23,19.1,19.0,19.2,19.0,10260000.0,0.66
2023-05-24,19.025,19.175,19.2,19.0,10400000.0,-0.39
2023-05-25,18.9,18.9,19.0,18.725,18980000.0,-0.66
2023-05-26,18.15,18.875,18.875,18.15,28670000.0,-3.97
2023-05-29,17.275,18.2,18.2,17.275,41360000.0,-4.82
2023-05-30,16.075,17.275,17.475,16.075,46240000.0,-6.95
2023-05-31,15.0,16.075,16.1,14.95,88210000.0,-6.69
2023-06-05,14.725,15.0,15.45,13.95,79110000.0,-1.83
2023-06-06,13.4,14.725,15.725,13.4,,-9.0
2023-06-07,13.4,13.45,14.2,13.2,97740000.0,0.0
2023-06-08,13.575,13.4,13.7,13.325,23380000.0,1.31
2023-06-09,14.2,13.625,14.25,13.625,30900000.0,4.6
2023-06-12,15.75,14.2,15.8,14.2,62040000.0,10.92
2023-06-13,16.1,15.75,16.625,15.75,69940000.0,2.22
2023-06-14,15.7,16.2,16.45,15.25,46900000.0,-2.48
2023-06-15,15.85,15.725,16.05,15.225,28380000.0,0.96
2023-06-16,15.325,16.0,16.2,15.325,45730000.0,-3.31
2023-06-19,15.25,15.35,15.8,15.25,14510000.0,-0.49
2023-06-20,15.125,15.25,15.4,14.875,16110000.0,-0.82
2023-06-21,15.2,15.2,15.3,14.75,36300000.0,0.5
2023-06-22,15.225,15.2,15.45,15.2,5400000.0,0.16
2023-06-23,15.4,15.225,15.4,15.075,23250000.0,1.15
2023-06-26,16.0,15.4,16.0,15.1,30910000.0,3.9
2023-06-27,15.5,16.0,16.0,15.5,21820000.0,-3.13
2023-07-03,15.65,15.55,15.75,15.45,18450000.0,0.97
2023-07-04,15.475,15.65,15.75,15.4,11500000.0,-1.12
2023-07-05,15.5,15.6,15.65,15.3,10950000.0,0.16
2023-07-06,16.0,15.5,16.3,15.475,27640000.0,3.23
2023-07-07,16.175,16.0,16.375,15.875,23300000.0,1.09
2023-07-10,16.35,16.175,16.4,15.9,13130000.0,1.08
2023-07-11,17.7,16.325,17.7,16.325,42360000.0,8.26
2023-07-12,17.5,17.7,17.7,17.0,37460000.0,-1.13
2023-07-13,18.0,17.4,18.5,17.225,39940000.0,2.86
2023-07-14,18.8,18.225,18.9,18.05,46060000.0,4.44
2023-07-17,18.7,18.8,19.7,18.45,54850000.0,-0.53
2023-07-18,18.6,18.775,19.2,17.875,39510000.0,-0.53
2023-07-20,18.7,18.7,18.9,18.5,15670000.0,0.54
2023-07-21,18.725,18.725,18.9,18.7,15660000.0,0.13
2023-07-24,19.65,18.775,20.0,18.75,63680000.0,4.94
2023-07-25,20.8,19.7,21.0,19.675,63760000.0,5.85
2023-07-26,20.975,20.8,21.9,20.6,73140000.0,0.84
2023-07-27,20.7,20.975,21.025,20.5,32540000.0,-1.31
2023-07-28,19.825,20.65,20.65,19.775,50020000.0,-4.23
2023-07-31,19.85,19.825,20.0,19.7,22000000.0,0.13
2023-08-01,19.4,19.85,19.85,19.0,31430000.0,-2.27
2023-08-02,18.65,19.4,19.4,18.65,19490000.0,-3.87
2023-08-03,18.3,18.65,19.025,18.3,42920000.0,-1.88
2023-08-04,17.65,18.3,18.675,17.5,48030000.0,-3.55
2023-08-07,17.375,17.75,17.85,17.15,44620000.0,-1.56
2023-08-08,17.425,17.375,17.85,17.325,32710000.0,0.29
2023-08-09,17.45,17.425,17.75,17.425,19950000.0,0.14
2023-08-10,18.075,17.475,18.075,17.475,34310000.0,3.58
2023-08-11,17.75,18.075,18.2,17.625,20080000.0,-1.8
2023-08-14,17.575,17.75,17.8,17.3,18620000.0,-0.99
2023-08-15,17.75,17.6,18.0,17.6,12150000.0,1.0
2023-08-16,17.75,17.75,17.925,17.525,16460000.0,0.0
2023-08-18,17.8,17.75,17.825,17.525,17440000.0,0.28
2023-08-21,18.575,17.8,18.8,17.7,38380000.0,4.35
2023-08-22,18.575,18.6,19.0,18.375,43410000.0,0.0
2023-08-23,18.8,18.575,19.475,18.575,60250000.0,1.21
2023-08-24,18.8,18.8,18.825,18.0,34250000.0,0.0
2023-08-25,18.6,18.8,18.8,18.2,16790000.0,-1.06
2023-08-28,18.775,18.65,18.8,18.65,10660000.0,0.94
2023-08-29,18.8,18.875,19.0,18.7,29460000.0,0.13
2023-08-30,18.775,18.825,18.875,18.4,23430000.0,-0.13
2023-08-31,18.775,18.8,18.9,18.5,12250000.0,0.0
2023-09-01,18.8,18.8,18.825,18.6,6080000.0,0.13
2023-09-04,18.8,18.8,18.875,18.575,11920000.0,0.0
2023-09-05,18.8,18.825,18.825,18.6,8900000.0,0.0
2023-09-06,18.9,18.8,19.0,18.675,19960000.0,0.53
2023-09-07,18.975,19.025,19.1,18.8,10050000.0,0.4
2023-09-08,18.925,18.975,18.975,18.875,7730000.0,-0.26
2023-09-11,18.9,18.925,18.95,18.7,9100000.0,-0.13
2023-09-12,18.45,18.9,18.9,17.9,21040000.0,-2.38
2023-09-13,18.5,18.5,18.7,18.15,12560000.0,0.27
2023-09-14,19.325,18.475,19.4,18.475,36930000.0,4.46
2023-09-15,19.225,19.4,19.45,19.15,20140000.0,-0.52
2023-09-18,19.3,19.225,19.45,19.1,11860000.0,0.39
2023-09-19,18.9,19.3,19.3,18.525,17930000.0,-2.07
2023-09-20,18.9,18.9,19.075,18.7,12180000.0,0.0
2023-09-21,19.05,18.9,19.2,18.725,10930000.0,0.79
2023-09-22,19.05,19.05,19.15,18.9,12220000.0,0.0
2023-09-25,19.05,19.0,19.175,18.95,5570000.0,0.0
2023-09-26,18.875,18.95,19.05,18.7,14370000.0,-0.92
2023-09-27,19.05,18.85,19.05,18.775,6150000.0,0.93
2023-09-29,18.875,19.0,19.05,18.8,4270000.0,-0.92
2023-10-02,18.725,18.875,18.95,18.7,10470000.0,-0.79
2023-10-03,18.225,18.725,18.725,18.225,22730000.0,-2.67
2023-10-04,18.175,18.225,18.375,17.95,14220000.0,-0.27
2023-10-05,18.325,18.15,18.475,18.15,6970000.0,0.83
2023-10-06,18.325,18.3,18.325,18.225,6420000.0,0.0
2023-10-09,18.4,18.325,18.425,18.175,10280000.0,0.41
2023-10-10,18.475,18.375,18.5,18.2,2340000.0,0.41
2023-10-11,18.525,18.475,18.6,18.3,9750000.0,0.27
2023-10-12,18.55,18.5,18.575,18.35,2360000.0,0.13
2023-10-13,18.55,18.35,18.6,18.35,8480000.0,0.0
2023-10-16,18.7,18.425,18.75,18.4,8150000.0,0.81
2023-10-17,19.55,18.7,19.825,18.7,55810000.0,4.55
2023-10-18,20.0,19.5,20.25,19.25,83340000.0,2.3
2023-10-19,19.925,20.0,20.0,19.25,33250000.0,-0.38
2023-10-20,19.75,19.875,19.9,19.3,25940000.0,-0.88
2023-10-23,18.8,19.75,19.75,18.55,14440000.0,-4.81
2023-10-24,19.025,18.775,19.025,18.525,6740000.0,1.2
2023-10-25,19.25,19.05,19.5,19.0,16430000.0,1.18
2023-10-26,19.2,19.25,19.25,18.8,7520000.0,-0.26
2023-10-27,19.0,19.05,19.2,18.8,9260000.0,-1.04
2023-10-30,18.35,19.0,19.0,18.35,34490000.0,-3.42
2023-10-31,18.225,18.35,18.35,18.15,11960000.0,-0.68
2023-11-01,18.175,18.225,18.7,17.7,27260000.0,-0.27
2023-11-02,18.5,18.175,18.5,18.0,7320000.0,1.79
2023-11-03,18.675,18.5,18.9,18.125,15730000.0,0.95
2023-11-06,18.7,18.675,18.9,18.3,10640000.0,0.13
2023-11-07,18.775,18.7,18.925,18.475,7270000.0,0.4
2023-11-08,18.775,18.8,18.875,18.475,5650000.0,0.0
2023-11-09,18.65,18.775,18.8,18.625,4210000.0,-0.67
2023-11-10,18.85,18.65,18.975,18.65,5220000.0,1.07
2023-11-13,19.175,18.85,19.325,18.6,7650000.0,1.72
2023-11-14,19.2,19.175,19.2,18.95,6150000.0,0.13
2023-11-15,18.7,19.2,19.2,18.7,16610000.0,-2.6
2023-11-16,19.075,18.725,19.125,18.725,7960000.0,2.01
2023-11-17,19.15,19.05,19.175,19.0,6010000.0,0.39
2023-11-20,19.45,19.125,19.5,18.925,9090000.0,1.57
2023-11-21,19.6,19.425,19.825,19.15,13960000.0,0.77
2023-11-22,19.4,19.575,19.6,19.3,8430000.0,-1.02
2023-11-23,19.4,19.4,19.45,19.2,7910000.0,0.0
2023-11-24,19.4,19.4,19.4,19.15,4020000.0,0.0
2023-11-27,19.4,19.4,19.4,19.1,5850000.0,0.0
2023-11-28,19.325,19.4,19.4,19.25,5960000.0,-0.39
2023-11-29,19.275,19.325,19.325,19.175,6780000.0,-0.26
2023-11-30,19.275,19.275,19.275,19.025,13020000.0,0.0
2023-12-01,19.25,19.275,19.275,19.025,9280000.0,-0.13
2023-12-04,19.2,19.25,19.25,19.025,10680000.0,-0.26
2023-12-05,19.175,19.2,19.2,18.75,13000000.0,-0.13
2023-12-06,19.0,19.175,19.175,18.825,10570000.0,-0.91
2023-12-07,19.0,19.1,19.1,18.6,11460000.0,0.0
2023-12-08,19.0,19.0,19.0,18.8,3900000.0,0.0
2023-12-11,18.975,19.0,19.25,18.7,16270000.0,-0.13
2023-12-12,18.975,18.975,18.975,18.7,6230000.0,0.0
2023-12-13,19.0,18.975,19.0,18.65,9840000.0,0.13
2023-12-14,19.0,19.0,19.05,18.825,4550000.0,0.0
2023-12-15,19.5,19.0,19.5,18.9,22620000.0,2.63
2023-12-18,19.0,19.5,19.5,18.875,5980000.0,-2.56
2023-12-19,19.2,19.0,19.2,18.9,4910000.0,1.05
2023-12-20,19.475,19.2,19.5,18.9,8890000.0,1.43
2023-12-21,19.525,19.4,19.525,19.175,10570000.0,0.26
2023-12-22,19.5,19.5,19.5,19.3,5420000.0,-0.13
2023-12-27,19.3,19.5,19.5,19.2,4270000.0,-1.03
2023-12-28,19.825,19.4,19.9,19.375,12390000.0,2.72
2023-12-29,19.9,19.8,20.0,19.65,16910000.0,0.38
2024-01-02,19.95,19.825,19.95,19.65,5380000.0,0.25
2024-01-03,19.6,19.95,19.95,19.6,5610000.0,-1.75
2024-01-04,19.525,19.625,19.625,19.25,11250000.0,-0.38
2024-01-05,19.9,19.575,19.925,19.5,13060000.0,1.92
2024-01-08,19.775,20.0,20.0,19.55,6090000.0,-0.63
2024-01-09,19.9,19.7,19.9,19.7,13860000.0,0.63
2024-01-10,19.825,19.9,19.9,19.8,2570000.0,-0.38
2024-01-11,19.75,19.75,19.825,19.6,18860000.0,-0.38
2024-01-12,19.7,19.75,19.75,19.55,7660000.0,-0.25
2024-01-15,19.75,19.7,19.8,19.625,2900000.0,0.25
2024-01-16,19.775,19.75,19.775,19.6,5260000.0,0.13
2024-01-17,19.675,19.6,19.8,19.6,2770000.0,-0.51
2024-01-18,19.825,19.75,19.825,19.65,3970000.0,0.76
2024-01-19,19.825,19.825,19.825,17.25,20860000.0,0.0
2024-01-22,19.8,19.825,19.825,19.2,5070000.0,-0.13
2024-01-23,19.8,19.525,19.8,18.9,22160000.0,0.0
2024-01-24,19.7,19.4,19.7,19.4,4780000.0,-0.51
2024-01-25,19.55,19.475,19.725,19.4,4670000.0,-0.76
2024-01-26,19.7,19.55,19.725,19.35,2610000.0,0.77
2024-01-29,19.7,19.7,19.725,19.4,3770000.0,0.0
2024-01-30,19.7,19.65,19.7,19.5,4020000.0,0.0
2024-01-31,19.7,19.65,19.7,19.525,3530000.0,0.0
2024-02-01,19.725,19.7,19.725,19.65,4980000.0,0.13
2024-02-02,19.75,19.55,19.75,19.55,3280000.0,0.13
2024-02-05,19.7,19.7,19.7,19.575,2800000.0,-0.25
2024-02-06,19.675,19.55,19.7,19.55,2120000.0,-0.13
2024-02-07,19.675,19.675,19.675,19.55,3760000.0,0.0
2024-02-12,19.7,19.575,19.7,19.475,13390000.0,0.13
2024-02-13,19.675,19.65,19.7,19.45,12830000.0,-0.13
2024-02-15,19.7,19.65,19.7,19.5,6640000.0,0.13
2024-02-16,19.525,19.55,19.625,19.525,4280000.0,-0.89
2024-02-19,19.6,19.5,19.6,19.45,570000.0,0.38
2024-02-20,19.0,19.45,19.6,18.9,6550000.0,-3.06
2024-02-21,19.6,19.0,19.625,19.0,13370000.0,3.16
2024-02-22,19.5,19.35,19.6,19.35,5500000.0,-0.51
2024-02-23,19.55,19.5,19.55,19.3,3300000.0,0.26
2024-02-26,19.375,19.3,19.525,19.3,2980000.0,-0.9
2024-02-27,19.475,19.375,19.5,19.375,1690000.0,0.52
2024-02-28,19.475,19.45,19.5,19.375,5090000.0,0.0
2024-02-29,19.5,19.3,19.5,19.05,33850000.0,0.13
2024-03-01,19.5,19.375,19.5,19.375,4440000.0,0.0
2024-03-04,19.45,19.325,19.475,19.325,2040000.0,-0.26
2024-03-05,19.425,19.3,19.45,19.0,13460000.0,-0.13
2024-03-06,19.4,19.4,19.4,19.175,3440000.0,-0.13
2024-03-07,19.325,19.25,19.35,19.25,3730000.0,-0.39
2024-03-08,19.5,19.3,19.5,19.15,10560000.0,0.91
2024-03-13,19.475,19.35,19.5,19.275,6030000.0,-0.13
2024-03-14,19.5,19.45,19.5,19.3,3680000.0,0.13
2024-03-15,19.4,19.45,19.475,19.3,2230000.0,-0.51
2024-03-18,19.4,19.3,19.5,19.3,4590000.0,0.0
2024-03-19,19.4,19.4,19.475,19.275,8190000.0,0.0
2024-03-20,19.45,19.4,19.475,19.3,4240000.0,0.26
2024-03-21,19.45,19.425,19.5,19.1,10340000.0,0.0
2024-03-22,19.475,19.325,19.475,19.225,6190000.0,0.13
2024-03-25,19.025,19.3,19.35,19.025,10020000.0,-2.31
2024-03-26,19.25,19.2,19.45,19.05,10010000.0,1.18
2024-03-27,18.95,19.25,19.325,18.5,11110000.0,-1.56
2024-03-28,19.0,18.95,19.15,18.95,3340000.0,0.26
2024-04-01,19.05,19.1,19.2,19.0,3050000.0,0.26
2024-04-02,19.1,19.1,19.275,19.075,3850000.0,0.26
2024-04-03,19.025,19.125,19.125,18.825,3820000.0,-0.39
2024-04-04,19.05,19.05,19.05,18.975,2320000.0,0.13
2024-04-05,18.8,19.05,19.1,18.775,4600000.0,-1.31
2024-04-16,19.075,18.55,19.15,18.05,6510000.0,1.46
2024-04-17,18.975,19.075,19.075,18.925,2510000.0,-0.52
2024-04-18,19.075,19.1,19.1,18.975,5130000.0,0.53
2024-04-19,19.1,19.1,19.1,18.85,4330000.0,0.13
2024-04-22,18.925,19.1,19.1,18.875,2410000.0,-0.92
2024-04-23,18.5,19.0,19.1,18.5,15940000.0,-2.25
2024-04-24,19.05,18.55,19.1,18.55,11210000.0,2.97
2024-04-25,19.025,19.075,19.1,18.85,2730000.0,-0.13
2024-04-26,18.875,19.0,19.0,18.775,1790000.0,-0.79
2024-04-29,19.0,18.8,19.0,18.7,4420000.0,0.66
2024-04-30,18.95,18.8,19.05,18.75,7820000.0,-0.26
2024-05-02,19.0,18.975,19.025,18.75,6520000.0,0.26
2024-05-03,19.1,19.0,19.1,18.95,33320000.0,0.53
2024-05-06,19.025,19.125,19.125,18.8,4000000.0,-0.39
2024-05-07,19.05,18.9,19.075,18.825,4050000.0,0.13
2024-05-08,18.9,18.9,19.05,18.85,2760000.0,-0.79
2024-05-13,19.0,18.9,19.1,18.7,4180000.0,0.53
2024-05-14,19.0,18.825,19.05,18.825,2680000.0,0.0
2024-05-15,18.875,18.875,18.95,18.875,1560000.0,-0.66
2024-05-16,18.875,18.85,18.925,18.7,6610000.0,0.0
2024-05-17,18.95,18.875,19.0,18.775,6450000.0,0.4
2024-05-20,18.875,18.925,18.95,18.825,5940000.0,-0.4
2024-05-21,18.725,18.7,18.8,18.7,6780000.0,-0.79
2024-05-22,18.65,18.725,18.725,18.6,6370000.0,-0.4
2024-05-27,18.625,18.675,18.675,18.5,5910000.0,-0.13
2024-05-28,18.6,18.3,18.6,18.3,2390000.0,-0.13
2024-05-29,18.35,18.6,18.625,18.325,2960000.0,-1.34
2024-05-30,18.2,18.35,18.6,17.475,22500000.0,-0.82
2024-05-31,17.975,18.2,18.2,17.4,18650000.0,-1.24
2024-06-03,18.0,18.0,18.2,17.675,17600000.0,0.14
2024-06-04,17.85,17.95,18.075,17.8,18640000.0,-0.83
2024-06-05,17.875,17.975,18.0,17.675,10570000.0,0.14
2024-06-06,17.8,17.875,17.95,17.55,12480000.0,-0.42
2024-06-07,17.8,17.8,18.1,17.7,9010000.0,0.0
2024-06-10,17.775,17.75,17.8,17.525,9930000.0,-0.14
2024-06-11,17.7,17.6,17.975,17.55,11060000.0,-0.42
2024-06-12,17.475,17.4,17.85,17.1,18880000.0,-1.27
2024-06-13,17.3,17.475,17.475,17.225,7770000.0,-1.0
2024-06-14,17.275,17.325,17.4,17.2,7590000.0,-0.14
2024-06-19,17.4,17.275,17.6,17.25,2690000.0,0.72
2024-06-20,17.8,17.175,17.8,16.95,7520000.0,2.3
2024-06-21,15.175,17.8,17.8,15.175,,-14.75
2024-06-24,15.175,15.25,15.6,14.95,56750000.0,0.0
2024-06-25,15.175,15.2,15.325,15.175,24030000.0,0.0
2024-06-26,15.2,15.2,15.3,15.125,15740000.0,0.16
2024-06-27,15.35,15.2,15.475,15.2,19520000.0,0.99
2024-06-28,15.775,15.45,15.95,15.275,34460000.0,2.77
2024-07-01,16.3,15.8,16.575,15.8,43640000.0,3.33
2024-07-02,17.55,16.525,17.55,16.2,40310000.0,7.67
2024-07-03,19.25,17.55,19.3,17.55,62280000.0,9.69
2024-07-04,18.975,19.25,19.35,18.3,,-1.43
2024-07-05,18.85,18.95,19.0,18.6,21680000.0,-0.66
2024-07-08,18.65,18.85,18.85,18.325,29920000.0,-1.06
2024-07-09,18.625,18.45,18.65,18.35,10320000.0,-0.13
2024-07-10,18.45,18.625,18.625,18.35,12390000.0,-0.94
2024-07-11,18.65,18.425,18.8,18.4,20250000.0,1.08
2024-07-12,18.35,18.65,18.65,18.35,24280000.0,-1.61
2024-07-15,17.975,18.425,18.5,17.925,24040000.0,-2.04
2024-07-16,17.95,17.95,17.975,17.6,16290000.0,-0.14
2024-07-17,18.2,17.95,18.275,17.675,38700000.0,1.39
2024-07-18,17.925,18.25,18.4,17.875,15120000.0,-1.51
2024-07-19,17.95,18.0,18.0,17.8,7690000.0,0.14
2024-07-22,17.5,17.95,17.95,17.45,44300000.0,-2.51
2024-07-23,17.425,17.5,17.5,17.15,40560000.0,-0.43
2024-07-24,17.275,17.5,17.6,17.275,12620000.0,-0.86
2024-07-25,17.5,17.3,17.975,17.3,40910000.0,1.3
2024-07-26,17.3,17.55,17.55,17.15,24790000.0,-1.14
2024-07-29,17.2,17.5,17.5,17.125,24060000.0,-0.58
2024-07-30,17.2,17.2,17.3,17.075,19170000.0,0.0
2024-07-31,17.05,17.1,17.1,17.05,23330000.0,-0.87
2024-08-01,17.025,17.0,17.2,17.0,14500000.0,-0.15
2024-08-02,17.0,17.025,17.175,16.975,19280000.0,-0.15
2024-08-05,16.8,17.2,17.325,16.075,65120000.0,-1.18
2024-08-06,16.875,16.775,16.9,16.625,9940000.0,0.45
2024-08-07,17.425,16.875,17.5,16.8,24940000.0,3.26
2024-08-08,17.45,17.7,17.7,16.825,35200000.0,0.14
2024-08-09,17.45,17.3,17.45,17.175,9880000.0,0.0
2024-08-12,17.2,17.3,17.3,17.0,13760000.0,-1.43
2024-08-13,17.4,17.2,17.5,17.0,28120000.0,1.16
2024-08-14,17.375,17.4,17.425,17.2,12130000.0,-0.14
2024-08-15,17.425,17.375,17.425,17.3,12660000.0,0.29
2024-08-16,17.025,17.5,17.5,17.0,71100000.0,-2.3
2024-08-19,17.075,17.025,17.1,16.85,7740000.0,0.29
2024-08-20,17.0,17.075,17.075,16.95,22580000.0,-0.44
2024-08-21,16.975,17.0,17.15,16.975,3660000.0,-0.15
2024-08-22,17.0,17.125,17.125,16.875,3730000.0,0.15
2024-08-23,16.875,17.0,17.025,16.85,12190000.0,-0.74
2024-08-26,16.775,16.95,16.975,16.625,24030000.0,-0.59
2024-08-27,16.65,16.775,16.875,16.625,14500000.0,-0.75
2024-08-28,17.225,16.65,17.8,16.65,78650000.0,3.45
2024-08-29,16.875,17.225,17.225,16.725,78030000.0,-2.03
2024-08-30,16.7,16.9,17.1,16.4,40590000.0,-1.04
2024-09-02,16.8,16.775,16.9,16.725,21140000.0,0.6
2024-09-03,16.65,16.8,16.9,16.6,16270000.0,-0.89
2024-09-04,16.775,16.65,16.8,16.5,17340000.0,0.75
2024-09-05,16.775,16.75,16.775,16.6,15130000.0,0.0
2024-09-06,16.75,16.775,16.775,16.5,21940000.0,-0.15
2024-09-09,16.55,16.75,16.75,15.975,38550000.0,-1.19
2024-09-10,16.6,16.55,16.65,16.125,41990000.0,0.3
2024-09-11,16.5,16.475,16.6,16.4,10550000.0,-0.6
2024-09-12,16.575,16.5,16.6,16.4,7270000.0,0.45
2024-09-13,16.5,16.4,16.65,16.375,11860000.0,-0.45
2024-09-17,16.525,16.5,16.525,16.45,7090000.0,0.15
2024-09-18,16.525,16.525,16.525,16.5,11050000.0,0.0
2024-09-19,16.525,16.525,16.525,16.425,9730000.0,0.0
2024-09-20,16.55,16.525,16.675,16.375,8270000.0,0.15
2024-09-23,16.475,16.525,16.55,16.425,3690000.0,-0.45
2024-09-24,16.475,16.475,16.475,16.3,17820000.0,0.0
2024-09-25,16.6,16.475,17.0,16.425,22090000.0,0.76
2024-09-26,16.6,16.525,16.625,16.475,9560000.0,0.0
2024-09-27,17.225,16.65,17.4,16.625,61620000.0,3.77
2024-09-30,16.3,17.225,17.4,16.3,23500000.0,-5.37
2024-10-01,16.65,16.6,16.75,16.35,12040000.0,2.15
2024-10-02,16.925,16.675,17.025,16.5,12060000.0,1.65
2024-10-03,16.7,16.925,16.925,16.625,1880000.0,-1.33
2024-10-04,16.5,16.75,16.75,16.5,3410000.0,-1.2
2024-10-07,16.575,16.6,16.8,16.45,3540000.0,0.45
2024-10-08,16.55,16.575,16.575,16.375,5270000.0,-0.15
2024-10-09,16.45,16.55,16.55,16.375,6150000.0,-0.6
2024-10-10,16.45,16.45,16.45,16.325,2690000.0,0.0
2024-10-11,16.7,16.45,17.0,16.35,8030000.0,1.52
2024-10-14,16.725,16.675,16.725,16.6,6350000.0,0.15
2024-10-15,16.85,16.9,16.925,16.8,8280000.0,0.75
2024-10-16,16.925,16.925,16.95,16.85,4250000.0,0.45
2024-10-17,17.125,16.9,17.125,16.8,18010000.0,1.18
2024-10-18,17.175,17.125,17.175,16.975,6600000.0,0.29
2024-10-21,17.175,17.175,17.2,16.975,7890000.0,0.0
2024-10-22,17.2,17.175,17.2,16.975,5940000.0,0.15
2024-10-23,17.125,17.2,17.225,17.025,7260000.0,-0.44
2024-10-24,17.175,17.125,17.2,17.1,7460000.0,0.29
2024-10-25,17.1,17.175,17.2,16.975,2920000.0,-0.44
2024-10-28,17.175,17.05,17.175,16.85,8960000.0,0.44
2024-10-29,17.1,17.125,17.225,16.9,6690000.0,-0.44
2024-10-30,17.15,17.05,17.175,16.95,6560000.0,0.29
2024-10-31,17.2,17.1,17.2,16.85,9640000.0,0.29
2024-11-01,17.225,17.175,17.225,17.0,10720000.0,0.15
2024-11-04,17.2,17.2,17.225,16.8,5650000.0,-0.15
2024-11-05,17.2,17.15,17.2,17.0,9230000.0,0.0
2024-11-06,17.2,17.15,17.2,16.975,7170000.0,0.0
2024-11-07,17.675,17.15,17.75,16.8,15420000.0,2.76
2024-11-08,17.725,17.65,17.75,17.475,19200000.0,0.28
2024-11-11,17.75,17.725,17.75,17.525,11930000.0,0.14
2024-11-12,17.8,17.725,17.9,17.725,7930000.0,0.28
2024-11-13,17.9,17.8,17.925,17.8,7760000.0,0.56
2024-11-14,17.925,17.9,18.0,17.875,8440000.0,0.14
2024-11-15,18.0,17.9,18.0,16.95,9000000.0,0.42
2024-11-18,18.0,18.0,18.0,17.725,8060000.0,0.0
2024-11-19,18.0,18.0,18.0,17.725,6590000.0,0.0
2024-11-20,18.0,17.975,18.0,17.825,1930000.0,0.0
2024-11-21,19.0,18.0,19.0,18.0,44290000.0,5.56
2024-11-22,18.975,19.0,19.0,18.65,12380000.0,-0.13
2024-11-25,19.7,19.0,19.7,19.0,49730000.0,3.82
2024-11-26,19.6,19.85,19.85,19.3,28290000.0,-0.51
2024-11-28,19.575,19.6,19.65,19.2,12460000.0,-0.13
2024-11-29,19.575,19.525,19.575,19.325,7530000.0,0.0
2024-12-02,19.6,19.5,19.85,19.25,20880000.0,0.13
2024-12-03,19.7,19.65,19.7,19.35,21550000.0,0.51
2024-12-04,19.8,19.7,19.8,19.6,8930000.0,0.51
2024-12-05,19.8,19.8,19.825,19.675,2640000.0,0.0
2024-12-06,19.85,19.8,19.85,19.7,19360000.0,0.25
2024-12-09,19.9,19.85,20.0,19.75,19980000.0,0.25
2024-12-10,20.0,19.9,20.0,19.7,12470000.0,0.5
2024-12-11,20.7,20.0,21.375,20.0,67590000.0,3.5
2024-12-12,20.7,20.775,21.25,20.125,34080000.0,0.0
2024-12-13,20.3,20.7,20.85,20.3,17180000.0,-1.93
2024-12-16,20.475,20.3,20.7,20.0,26550000.0,0.86
2024-12-17,20.475,20.475,20.675,20.25,17960000.0,0.0
2024-12-18,20.0,20.475,20.475,20.0,13420000.0,-2.32
2024-12-19,20.3,20.0,20.45,20.0,14180000.0,1.5
2024-12-20,20.375,20.3,20.4,20.0,14620000.0,0.37
2024-12-23,20.325,20.375,20.475,19.925,11930000.0,-0.25
2024-12-24,20.35,20.325,20.4,20.075,7960000.0,0.12
2024-12-27,20.2,20.35,20.4,20.125,8040000.0,-0.74
2024-12-30,20.25,20.35,20.4,20.0,15290000.0,0.25
